0.1 12.2727950445 12.9705045609 11.5750855282 8.53257978764 8.79799169648 8.2671678788 0.1 12.644 0.858
0.129292929293 10.1385285542 10.7611846952 9.51587241319 8.40631313472 8.69358182514 8.11904444431 0.145 9.235 0.359
0.158585858586 8.82542792909 9.40508800791 8.24576785028 8.28361562311 8.59290152329 7.97432972294 0.211 7.377 0.505
0.187878787879 7.94939945806 8.50312623813 7.39567267798 8.16448725281 8.49595079093 7.8330237147 0.307 6.46 0.403
0.217171717172 7.33358138572 7.87153316344 6.79562960801 8.04892802382 8.40272962806 7.69512641958 0.447 5.555 0.683
0.246464646465 6.88519377485 7.41390683108 6.35648071863 7.93693793614 8.31323803468 7.5606378376 0.649 5.896 0.605
0.275757575758 6.5508796652 7.0748072902 6.0269520402 7.82851698977 8.22747601079 7.42955796874 0.944 5.673 0.856
0.305050505051 6.29777682296 6.8200894055 5.77546424043 7.7236651847 8.1454435564 7.301886813 1.372 6.964 0.351
0.334343434343 6.10453968844 6.62757431267 5.5815050642 7.62238252095 8.06714067149 7.1776243704 1.995 8.896 1.083
0.363636363636 5.95670071559 6.48222967035 5.43117176082 7.5246689985 7.99256735608 7.05677064092 2.9 11.355 1.002
0.392929292929 5.84410658805 6.37350578908 5.31470738702 7.43052461736 7.92172361016 6.93932562457
0.422222222222 5.7594216562 6.29378064444 5.22506266796 7.33994937754 7.85460943373 6.82528932135
0.451515151515 5.69721392893 6.23741018701 5.15701767086 7.25294327902 7.79122482679 6.71466173125
0.480808080808 5.65337517768 6.200125808 5.10662454736 7.16950632181 7.73156978934 6.60744285428
0.510101010101 5.62474084618 6.17863941074 5.07084228163 7.08963850591 7.67564432138 6.50363269044
0.539393939394 5.60883380986 6.17037716672 5.047290453 7.01333983132 7.62344842292 6.40323123973
0.568686868687 5.60368732862 6.17329555672 5.03407910052 6.94061029804 7.57498209394 6.30623850214
0.59797979798 5.6077200371 6.18575148081 5.02968859339 6.87144990607 7.53024533446 6.21265447768
0.627272727273 5.61964596185 6.2064087627 5.03288316101 6.8058586554 7.48923814446 6.12247916634
0.656565656566 5.63840862625 6.2341696822 5.0426475703 6.74383654605 7.45196052396 6.03571256814
0.685858585859 5.66313204155 6.26812405305 5.05814003005 6.68538357801 7.41841247295 5.95235468306
0.715151515152 5.69308374261 6.30751081555 5.07865666967 6.63049975127 7.38859399143 5.87240551111
0.744444444444 5.7276465505 6.35168869687 5.10360440414 6.57918506584 7.3625050794 5.79586505228
0.773737373737 5.76629674945 6.400113536 5.1324799629 6.53143952173 7.34014573687 5.72273330659
0.80303030303 5.80858704004 6.45232057151 5.16485350858 6.48726311892 7.32151596382 5.65301027402
0.832323232323 5.85413309222 6.50791046957 5.20035571488 6.44665585742 7.30661576026 5.58669595457
0.861616161616 5.90260284121 6.56653820199 5.23866748043 6.40961773723 7.2954451262 5.52379034826
0.890909090909 5.95370789514 6.62790411844 5.27951167184 6.37614875835 7.28800406163 5.46429345507
0.920202020202 6.00719658383 6.69174672384 5.32264644382 6.34624892078 7.28429256655 5.40820527501
0.949494949495 6.06284829429 6.75783679275 5.36785979584 6.31991822451 7.28431064096 5.35552580807
0.978787878788 6.12046882332 6.82597254049 5.41496510615 6.29715666956 7.28805828486 5.30625505427
1.00808080808 6.17988654045 6.89597563636 5.46379744453 6.27796425592 7.29553549825 5.26039301359
1.03737373737 6.24094920091 6.96768789215 5.51421050966 6.26234098358 7.30674228113 5.21793968604
1.06666666667 6.30352128381 7.04096849639 5.56607407123 6.25028685256 7.3216786335 5.17889507161
1.09595959596 6.36748175711 7.1156916921 5.61927182213 6.24180186284 7.34034455537 5.14325917031
1.12525252525 6.43272219178 7.19174481729 5.67369956626 6.23688601443 7.36274004672 5.11103198214
1.15454545455 6.49914516291 7.26902664374 5.72926368208 6.23553930734 7.38886510757 5.0822135071
1.18383838384 6.56666288838 7.3474459624 5.78587981437 6.23776174155 7.41871973791 5.05680374518
1.21313131313 6.63519606458 7.42692037373 5.84347175542 6.24355331707 7.45230393774 5.03480269639
1.24242424242 6.70467286694 7.50737524925 5.90197048462 6.2529140339 7.48961770706 5.01621036073
1.27171717172 6.77502808857 7.58874283646 5.96131334068 6.26584389203 7.53066104587 5.0010267382
1.30101010101 6.84620239525 7.6709614848 6.02144330571 6.28234289148 7.57543395417 4.98925182879
1.3303030303 6.91814167886 7.75397497383 6.0823083839 6.30241103224 7.62393643197 4.98088563251
1.3595959596 6.99079649439 7.83773192826 6.14386106051 6.3260483143 7.67616847925 4.97592814935
1.38888888889 7.06412156816 7.92218530701 6.20605782931 6.35325473768 7.73213009603 4.97437937933
1.41818181818 7.1380753671 8.00729195559 6.26885877861 6.38403030236 7.7918212823 4.97623932243
1.44747474747 7.21261972016 8.0930122128 6.33222722752 6.41837500836 7.85524203805 4.98150797866
1.47676767677 7.28771948494 8.17930956432 6.39612940555 6.45628885566 7.9223923633 4.99018534801
1.50606060606 7.36334225309 8.26615033664 6.46053416954 6.49777184427 7.99327225805 5.0022714305
1.53535353535 7.43945808957 8.35350342607 6.52541275307 6.54282397419 8.06788172228 5.01776622611
1.56464646465 7.51603930106 8.44134005817 6.59073854394 6.59144524542 8.146220756 5.03666973484
1.59393939394 7.59306022999 8.52963357376 6.65648688623 6.64363565796 8.22828935921 5.05898195671
1.62323232323 7.67049707089 8.618359238 6.72263490378 6.69939521181 8.31408753192 5.0847028917
1.65252525253 7.74832770618 8.70749406989 6.78916134247 6.75872390697 8.40361527411 5.11383253982
1.68181818182 7.82653155922 8.7970166895 6.85604642894 6.82162174343 8.4968725858 5.14637090106
1.71111111111 7.9050894624 8.88690718092 6.92327174387 6.88808872121 8.59385946698 5.18231797544
1.7404040404 7.98398353853 8.97714696909 6.99082010798 6.95812484029 8.69457591765 5.22167376294
1.7696969697 8.06319709412 9.06771870879 7.05867547944 7.03173010069 8.79902193781 5.26443826357
1.79898989899 8.1427145229 9.15860618454 7.12682286127 7.10890450239 8.90719752746 5.31061147732
1.82828282828 8.22252121883 9.24979422006 7.1952482176 7.1896480454 9.01910268661 5.3601934042
1.85757575758 8.30260349717 9.34126859639 7.26393839794 7.27396072973 9.13473741524 5.41318404421
1.88686868687 8.38294852296 9.43301597752 7.3328810684 7.36184255536 9.25410171336 5.46958339735
1.91616161616 8.46354424612 9.52502384294 7.40206464931 7.4532935223 9.37719558098 5.52939146361
1.94545454545 8.54437934231 9.61728042622 7.47147825841 7.54831363055 9.50401901809 5.592608243
1.97474747475 8.62544315913 9.70977465909 7.54111165917 7.6469028801 9.63457202469 5.65923373552
2.00404040404 8.70672566699 9.80249612044 7.61095521354 7.74906127097 9.76885460078 5.72926794117
2.03333333333 8.78821741427 9.89543498966 7.68099983887 7.85478880315 9.90686674636 5.80271085994
2.06262626263 8.86990948625 9.98858200402 7.75123696848 7.96408547663 10.0486084614 5.87956249184
2.09191919192 8.95179346757 10.0819284196 7.82165851552 8.07695129143 10.194079746 5.95982283686
2.12121212121 9.03386140769 10.1754659755 7.89225683983 8.19338624753 10.3432806 6.04349189502
2.15050505051 9.11610578927 10.269186861 7.96302471755 8.31339034495 10.4962110236 6.1305696663
2.1797979798 9.19851949906 10.363083685 8.0339553131 8.43696358367 10.6528710166 6.22105615071
2.20909090909 9.28109580109 10.4571494487 8.1050421535 8.5641059637 10.8132605792 6.31495134824
2.23838383838 9.36382831201 10.5513775194 8.17627910457 8.69481748504 10.9773797112 6.41225525891
2.26767676768 9.44671097827 10.6457616074 8.24766034912 8.82909814769 11.1452284127 6.5129678827
2.29696969697 9.52973805516 10.7402957437 8.31918036667 8.96694795165 11.3168066837 6.61708921961
2.32626262626 9.6129040873 10.8349742598 8.39083391483 9.10836689692 11.4921145242 6.72461926966
2.35555555556 9.69620389069 10.9297917694 8.46261601197 9.25335498349 11.6711519342 6.83555803283
2.38484848485 9.779632536 11.0247431508 8.5345219212 9.40191221138 11.8539189136 6.94990550913
2.41414141414 9.86318533319 11.1198235308 8.60654713558 9.55403858058 12.0404154626 7.06766169855
2.44343434343 9.9468578171 11.21502827 8.67868736424 9.70973409108 12.2306415811 7.18882660111
2.47272727273 10.0306457341 11.3103529486 8.75093851968 9.86899874289 12.424597269 7.31340021679
2.50202020202 10.11454503 11.4057933541 8.8232967058 10.031832536 12.6222825264 7.44138254559
2.53131313131 10.1985518378 11.5013454688 8.89575820684 10.1982354704 12.8236973534 7.57277358753
2.56060606061 10.282662468 11.597005459 8.9683194771 10.3682075462 13.0288417498 7.70757334259
2.5898989899 10.3668733977 11.6927696641 9.04097713126 10.5417487632 13.2377157157 7.84578181078
2.61919191919 10.4511812616 11.7886345877 9.11372793546 10.7188591216 13.4503192511 7.9873989921
2.64848484848 10.5355828434 11.8845968879 9.18656879892 10.8995386213 13.666652356 8.13242488654
2.67777777778 10.6200750674 11.9806533688 9.25949676608 11.0837872622 13.8867150304 8.28085949411
2.70707070707 10.7046549913 12.0768009732 9.33250900933 11.2716050445 14.1105072743 8.43270281481
2.73636363636 10.7893197984 12.1730367747 9.40560282213 11.4629919681 14.3380290876 8.58795484863
2.76565656566 10.8740667916 12.2693579707 9.47877561259 11.657948033 14.5692804705 8.74661559559
2.79494949495 10.9588933869 12.3657618763 9.55202489751 11.8564732393 14.8042614228 8.90868505566
2.82424242424 11.0437971073 12.4622459179 9.6253482967 12.0585675868 15.0429719447 9.07416322887
2.85353535354 11.1287755776 12.5588076276 9.69874352769 12.2642310756 15.285412036 9.24305011521
2.88282828283 11.2138265193 12.6554446378 9.7722084008 12.4734637058 15.5315816968 9.41534571467
2.91212121212 11.2989477453 12.7521546762 9.84574081445 12.6862654772 15.7814809271 9.59105002725
2.94141414141 11.3841371558 12.8489355609 9.91933875076 12.90263639 16.035109727 9.77016305297
2.97070707071 11.4693927338 12.9457851962 9.99300027147 13.122576444 16.2924680963 9.95268479181
3.0 11.5547125411 13.0427015682 10.066723514 13.3460856394 16.553556035 10.1386152438

Uncertainties of fit 1 = [ 0.03830106  0.27468092  0.40018036] 

Uncertainties of fit 2 = [ 0.09348137  0.19200603  0.72471069]
