Random symmetric matrix A =

0.200040591179	0.818291366619	0.745583872775	0.471180522741	0.274713034062
0.818291366619	0.806977802433	0.546193569804	0.444596436205	0.643638404444
0.745583872775	0.546193569804	0.134922597566	0.700725187916	0.444978460268
0.471180522741	0.444596436205	0.700725187916	0.985770960329	0.351286412284
0.274713034062	0.643638404444	0.444978460268	0.351286412284	0.92067574766

Eigenvalues found using built-in NumPy function "eig":

2.81288256627	-0.661425769573	-0.192142277725	0.40241964389	0.686653536308

A after cyclic sweeps =

0.200040591179	-3.02370111044e-10	-1.71289431264e-14	-2.61959893171e-16	0.0
0.818291366619	0.806977802433	8.67347854962e-16	0.0	3.53652170164e-09
0.745583872775	0.546193569804	0.134922597566	-1.00114597023e-09	3.34886091995e-13
0.471180522741	0.444596436205	0.700725187916	0.985770960329	8.51278645152e-15
0.274713034062	0.643638404444	0.444978460268	0.351286412284	0.92067574766

V.T * A * V =

-0.661425769573	-3.02370089036e-10	-1.69794733829e-14	-1.31838984174e-16	1.11022302463e-16
-3.02370046102e-10	-0.192142277725	9.12464548364e-16	3.98986399475e-17	3.53652164671e-09
-1.69170233377e-14	8.7083118494e-16	0.40241964389	-1.00114563861e-09	3.34468563956e-13
-1.2490009027e-16	-4.85722573274e-17	-1.00114566637e-09	0.686653536308	8.3544282603e-15
1.66533453694e-16	3.53652171436e-09	3.34399175017e-13	8.32667268469e-15	2.81288256627

D (diagonal matrix with eigenvalues on diagonal) =

-0.661425769573	0.0	0.0	0.0	0.0
0.0	-0.192142277725	0.0	0.0	0.0
0.0	0.0	0.40241964389	0.0	0.0
0.0	0.0	0.0	0.686653536308	0.0
0.0	0.0	0.0	0.0	2.81288256627
