0.0   0   1
3.1830988618379064e-07   1e-06   0.999999999999
0.000908363446475   0.00285370405697   0.999995928178
0.0520464728918   0.162781219111   0.986662204447
0.107066418022   0.330052395852   0.943962655492
0.161581577782   0.486101813967   0.873902254744
0.216160102769   0.628082875628   0.778146561688
0.270730637746   0.751627116713   0.659588427159
0.325302179476   0.853135903347   0.521688980083
0.37987359417   0.929630359776   0.368493828173
0.434445024718   0.978867929441   0.204494326645
0.489016453112   0.999404931174   0.0344990168313
0.543587881621   0.99063921786   -0.136507817923
0.59815930996   0.952827800397   -0.303512228431
0.652730738165   0.887079314608   -0.461617618068
0.707302166231   0.79532151576   -0.606188310663
0.761873594159   0.680244756479   -0.732985469432
0.816445021948   0.545223105197   -0.838291380353
0.871016449598   0.394215417936   -0.919018456167
0.925587877111   0.231649264022   -0.972799764952
0.980159304484   0.062291109048   -0.998058428974
1.03473073172   -0.108893438665   -0.994053859018
1.08930215882   -0.276885220497   -0.960903468607
1.14387358578   -0.436758690078   -0.899579231448
1.1984450126   -0.583826331102   -0.81187918302
1.25301643928   -0.713776096073   -0.700374701916
1.30758786582   -0.822797836241   -0.568335116623
1.36215929223   -0.907695015794   -0.419631848303
1.41673071849   -0.965978434824   -0.258624900121
1.47130214462   -0.995939213082   -0.0900350212598
1.52587357061   -0.996698894648   0.0811947061937
1.58044499646   -0.968235204424   0.250043799203
1.63501642217   -0.911382701264   0.411561575152
1.68958784775   -0.827808308602   0.561012306651
1.74415927318   -0.71996244001   0.694014073834
1.79873069848   -0.591007152703   0.806667242955
1.85330212364   -0.444723435537   0.895668804295
1.90787354866   -0.285400349823   0.958409216944
1.96244497354   -0.117709273387   0.993048920981
2.01701639829   0.053433064971   0.998572273683
2.07158782289   0.223008744736   0.974817328361
2.12615924736   0.386045779909   0.922480582676
2.18073067169   0.537763898424   0.843096557253
2.23530209588   0.673714700495   0.738992803305
2.28987351993   0.78991208641   0.613221658491
2.34444494384   0.882949129622   0.469470751909
2.39901636762   0.950097968392   0.311954882244
2.45358779125   0.989389787143   0.145292439219
2.50815921475   0.999672542471   -0.0256300083134
2.56273063811   0.980644741258   -0.195800987331
2.61730206133   0.932864280522   -0.360231057825
2.67187348441   0.857732089817   -0.514099103961
2.72644490736   0.757451055774   -0.652893689969
2.78101633016   0.634961433148   -0.772545336151
2.83558775283   0.493854636101   -0.869545836684
2.89015917536   0.338267937394   -0.941051120781
2.94473059775   0.172763162918   -0.98496464131
2.99930202   0.00219293824897   -0.999998845906
3.05387344212   -0.168441591079   -0.985712928233
3.10844486409   -0.334137393947   -0.942525752516
3.16301628593   -0.490036243301   -0.871703572403
3.21758770763   -0.631567160137   -0.775322904232
3.27215912919   -0.754580435322   -0.656209643269
3.32673055061   -0.85546929973   -0.517856208042
3.38130197189   -0.931275675288   -0.364319142105
3.43587339304   -0.979776906305   -0.200100175559
3.49044481404   -0.9995509281   -0.0300142336434
3.54501623491   -0.990017962186   0.140951737613
3.59958765564   -0.951457515485   0.30778498942
3.65415907623   -0.885000185172   0.465593944797
3.70873049669   -0.792594509404   0.609751620372
3.763301917   -0.676949835916   0.736031290257
3.81787333718   -0.541456883533   0.840730414318
3.87244475721   -0.390088325801   0.920779197233
3.92701617711   -0.227282311597   0.97383059539
3.98158759687   -0.0578123379315   0.998329132584
4.0   -2.23878427838e-07   1.00000166172
