0.0   4.78894162978   0.23   4.64   0.42
0.10101010101   4.67860003421   1.29   3.38   0.37
0.20202020202   4.57168132273   2.35   3.01   0.34
0.30303030303   4.46807931473   3.41   2.55   0.31
0.40404040404   4.36769112345   4.47   2.29   0.29
0.505050505051   4.27041705372   5.53   1.67   0.27
0.606060606061   4.17616050303   6.59   1.59   0.26
0.707070707071   4.08482786552   7.65   1.69   0.25
0.808080808081   3.99632843909   8.71   1.38   0.24
0.909090909091   3.91057433528   9.77   1.46   0.24
1.0101010101   3.82748039199
1.11111111111   3.74696408893
1.21212121212   3.66894546564
1.31313131313   3.59334704212
1.41414141414   3.52009374184
1.51515151515   3.44911281721
1.61616161616   3.38033377734
1.71717171717   3.313688318
1.81818181818   3.24911025383
1.91919191919   3.18653545258
2.0202020202   3.12590177146
2.12121212121   3.06714899536
2.22222222222   3.01021877711
2.32323232323   2.95505457953
2.42424242424   2.90160161924
2.52525252525   2.84980681231
2.62626262626   2.7996187215
2.72727272727   2.75098750519
2.82828282828   2.7038648679
2.92929292929   2.6582040123
3.0303030303   2.61395959278
3.13131313131   2.57108767034
3.23232323232   2.52954566905
3.33333333333   2.48929233369
3.43434343434   2.45028768882
3.53535353535   2.41249299906
3.63636363636   2.37587073064
3.73737373737   2.34038451413
3.83838383838   2.30599910828
3.93939393939   2.27268036508
4.0404040404   2.2403951958
4.14141414141   2.20911153816
4.24242424242   2.17879832446
4.34343434343   2.14942545077
4.44444444444   2.12096374699
4.54545454545   2.09338494791
4.64646464646   2.06666166511
4.74747474747   2.04076735981
4.84848484848   2.01567631645
4.94949494949   1.99136361723
5.05050505051   1.96780511727
5.15151515152   1.94497742073
5.25252525253   1.92285785749
5.35353535354   1.90142446071
5.45454545455   1.88065594494
5.55555555556   1.86053168505
5.65656565657   1.84103169572
5.75757575758   1.82213661157
5.85858585859   1.80382766796
5.9595959596   1.78608668235
6.06060606061   1.76889603623
6.16161616162   1.75223865763
6.26262626263   1.73609800416
6.36363636364   1.7204580466
6.46464646465   1.70530325297
6.56565656566   1.6906185731
6.66666666667   1.67638942367
6.76767676768   1.66260167379
6.86868686869   1.64924163087
6.9696969697   1.63629602711
7.07070707071   1.62375200628
7.17171717172   1.61159711096
7.27272727273   1.59981927016
7.37373737374   1.58840678735
7.47474747475   1.57734832884
7.57575757576   1.56663291251
7.67676767677   1.55624989692
7.77777777778   1.54618897073
7.87878787879   1.53644014247
7.9797979798   1.52699373063
8.08080808081   1.51784035399
8.18181818182   1.50897092238
8.28282828283   1.5003766276
8.38383838384   1.49204893468
8.48484848485   1.48397957341
8.58585858586   1.47616053016
8.68686868687   1.46858403984
8.78787878788   1.46124257828
8.88888888889   1.4541288547
8.9898989899   1.44723580449
9.09090909091   1.44055658218
9.19191919192   1.43408455465
9.29292929293   1.42781329457
9.39393939394   1.42173657397
9.49494949495   1.41584835807
9.59595959596   1.41014279932
9.69696969697   1.40461423154
9.79797979798   1.39925716432
9.89898989899   1.3940662776
10.0   1.38903641631
