0.0 1.0 0.0 0.0 1.0
0.0300601202405 0.988737800957 0.0299264848231 0.789473684211 0.704219088293
0.060120240481 0.977475601914 0.0595856988114 1.57894736842 -0.00815095136796
0.0901803607214 0.966213402871 0.0889776419649 2.36842105263 -0.715699199375
0.120240480962 0.954951203828 0.118102314284 3.15789473684 -0.999867123984
0.150300601202 0.943689004785 0.146959715768 3.94736842105 -0.692551829556
0.180360721443 0.932426805742 0.175549846417 4.73684210526 0.024450687972
0.210420841683 0.921164606699 0.203872706231 5.52631578947 0.72698911194
0.240480961924 0.909902407656 0.23192829521 6.31578947368 0.999468531246
0.270541082164 0.898640208613 0.259716613355 7.10526315789 0.680700523764
0.300601202405 0.88737800957 0.287237660665 7.89473684211 -0.040743926756
0.330661322645 0.876115810527 0.31449143714 8.68421052632 -0.738085825671
0.360721442886 0.864853611485 0.341477942781 9.47368421053 -0.998804327715
0.390781563126 0.853591412442 0.368197177586 10.2631578947 -0.668668320423
0.420841683367 0.842329213399 0.394649141557 11.0526315789 0.0570263377586
0.450901803607 0.831067014356 0.420833834693 11.8421052632 0.748986391593
0.480961923848 0.819804815313 0.446751256994 12.6315789474 0.997874689904
0.511022044088 0.80854261627 0.472401408461 13.4210526316 0.656458417116
0.541082164329 0.797280417227 0.497784289092 14.2105263158 -0.0732935938961
0.571142284569 0.786018218184 0.522899898889 15.0 -0.759687912859
0.60120240481 0.774756019141 0.547748237851
0.63126252505 0.763493820098 0.572329305978
0.661322645291 0.752231621055 0.596643103271
0.691382765531 0.740969422012 0.620689629729
0.721442885772 0.729707222969 0.644468885351
0.751503006012 0.718445023926 0.667980870139
0.781563126253 0.707182824883 0.691225584093
0.811623246493 0.684232754515 0.712721591413
0.841683366733 0.657108444387 0.733094340087
0.871743486974 0.62998413426 0.752823383479
0.901803607214 0.602859824133 0.771908721588
0.931863727455 0.575735514005 0.790350354416
0.961923847695 0.548611203878 0.808148281961
0.991983967936 0.521486893751 0.825302504225
1.02204408818 0.494362583623 0.841813021206
1.05210420842 0.467238273496 0.857679832906
1.08216432866 0.440113963369 0.872902939323
1.1122244489 0.412989653241 0.887482340459
1.14228456914 0.385865343114 0.901418036313
1.17234468938 0.358741032986 0.914710026884
1.20240480962 0.331616722859 0.927358312174
1.23246492986 0.304492412732 0.939362892181
1.2625250501 0.277368102604 0.950723766907
1.29258517034 0.250243792477 0.96144093635
1.32264529058 0.22311948235 0.971514400512
1.35270541082 0.195995172222 0.980944159391
1.38276553106 0.168870862095 0.989730212989
1.4128256513 0.141746551967 0.997872561304
1.44288577154 0.11462224184 1.00537120434
1.47294589178 0.0874979317127 1.01222614209
1.50300601202 0.0603736215854 1.01843737456
1.53306613226 0.033249311458 1.02400490175
1.56312625251 0.00612500133065 1.02892872365
1.59318637275 -0.0209123426146 1.03107386801
1.62324649299 -0.0478530574686 1.03020632613
1.65330661323 -0.0747937723225 1.02869943599
1.68336673347 -0.101734487177 1.02655319759
1.71342685371 -0.12867520203 1.02376761093
1.74348697395 -0.155615916884 1.02034267601
1.77354709419 -0.182556631738 1.01627839283
1.80360721443 -0.209497346592 1.0115747614
1.83366733467 -0.236438061446 1.0062317817
1.86372745491 -0.2633787763 1.00024945375
1.89378757515 -0.290319491154 0.993627777538
1.92384769539 -0.317260206008 0.986366753066
1.95390781563 -0.344200920862 0.978466380336
1.98396793587 -0.371141635716 0.969926659347
2.01402805611 -0.39808235057 0.960747590099
2.04408817635 -0.425023065424 0.950929172592
2.07414829659 -0.451963780278 0.940471406827
2.10420841683 -0.478904495132 0.929374292802
2.13426853707 -0.505845209986 0.917637830519
2.16432865731 -0.53278592484 0.905262019977
2.19438877756 -0.559726639694 0.892246861176
2.2244488978 -0.586667354548 0.878592354116
2.25450901804 -0.613608069402 0.864298498797
2.28456913828 -0.640548784256 0.84936529522
2.31462925852 -0.66748949911 0.833792743383
2.34468937876 -0.694430213964 0.817580843288
2.374749499 -0.71797709857 0.799795403249
2.40480961924 -0.728797119748 0.778098952292
2.43486973948 -0.739617140925 0.756145724121
2.46492985972 -0.750437162103 0.733935718737
2.49498997996 -0.76125718328 0.711468936138
2.5250501002 -0.772077204458 0.688745376325
2.55511022044 -0.782897225635 0.665765039299
2.58517034068 -0.793717246813 0.642527925059
2.61523046092 -0.80453726799 0.619034033604
2.64529058116 -0.815357289168 0.595283364936
2.6753507014 -0.826177310345 0.571275919054
2.70541082164 -0.836997331523 0.547011695958
2.73547094188 -0.8478173527 0.522490695648
2.76553106212 -0.858637373878 0.497712918125
2.79559118236 -0.869457395055 0.472678363387
2.82565130261 -0.880277416232 0.447387031436
2.85571142285 -0.89109743741 0.42183892227
2.88577154309 -0.901917458587 0.396034035891
2.91583166333 -0.912737479765 0.369972372298
2.94589178357 -0.923557500942 0.34365393149
2.97595190381 -0.93437752212 0.317078713469
3.00601202405 -0.945197543297 0.290246718235
3.03607214429 -0.956017564475 0.263157945786
3.06613226453 -0.966837585652 0.235812396123
3.09619238477 -0.97765760683 0.208210069247
3.12625250501 -0.988477628007 0.180350965156
3.15631262525 -0.999297649185 0.152235083852
3.18637274549 -0.988781602341 0.122398578966
3.21643286573 -0.977080218385 0.0927443776927
3.24649298597 -0.965378834429 0.0633678698474
3.27655310621 -0.953677450473 0.0342690554301
3.30661322645 -0.941976066516 0.00544793444077
3.33667334669 -0.93027468256 -0.0230954931207
3.36673346693 -0.918573298604 -0.0513612272542
3.39679358717 -0.906871914648 -0.0793492679598
3.42685370741 -0.895170530692 -0.107059615238
3.45691382766 -0.883469146736 -0.134492269087
3.4869739479 -0.87176776278 -0.161647229509
3.51703406814 -0.860066378823 -0.188524496503
3.54709418838 -0.848364994867 -0.215124070069
3.57715430862 -0.836663610911 -0.241445950207
3.60721442886 -0.824962226955 -0.267490136917
3.6372745491 -0.813260842999 -0.293256630199
3.66733466934 -0.801559459043 -0.318745430054
3.69739478958 -0.789858075086 -0.34395653648
3.72745490982 -0.77815669113 -0.368889949479
3.75751503006 -0.766455307174 -0.393545669049
3.7875751503 -0.754753923218 -0.417923695192
3.81763527054 -0.743052539262 -0.442024027906
3.84769539078 -0.731351155306 -0.465846667193
3.87775551102 -0.71964977135 -0.489391613052
3.90781563126 -0.707948387393 -0.512658865483
3.9378757515 -0.696247003437 -0.535648424486
3.96793587174 -0.673872405252 -0.556942965076
3.99799599198 -0.646571708192 -0.57699391672
4.02805611222 -0.619271011132 -0.596396977125
4.05811623246 -0.591970314072 -0.61515214629
4.08817635271 -0.564669617011 -0.633259424217
4.11823647295 -0.537368919951 -0.650718810904
4.14829659319 -0.510068222891 -0.667530306352
4.17835671343 -0.482767525831 -0.683693910561
4.20841683367 -0.455466828771 -0.699209623531
4.23847695391 -0.42816613171 -0.714077445261
4.26853707415 -0.40086543465 -0.728297375753
4.29859719439 -0.37356473759 -0.741869415005
4.32865731463 -0.34626404053 -0.754793563018
4.35871743487 -0.318963343469 -0.767069819792
4.38877755511 -0.291662646409 -0.778698185327
4.41883767535 -0.264361949349 -0.789678659622
4.44889779559 -0.237061252289 -0.800011242679
4.47895791583 -0.209760555229 -0.809695934496
4.50901803607 -0.182459858168 -0.818732735074
4.53907815631 -0.155159161108 -0.827121644413
4.56913827655 -0.127858464048 -0.834862662512
4.59919839679 -0.100557766988 -0.841955789373
4.62925851703 -0.0732570699277 -0.848401024994
4.65931863727 -0.0459563728675 -0.854198369377
4.68937875752 -0.0186556758073 -0.85934782252
4.71943887776 0.00864502125293 -0.863849384424
4.749498998 0.0357138290376 -0.865793682281
4.77955911824 0.0624637890685 -0.864473987807
4.80961923848 0.0892137490993 -0.862519472004
4.83967935872 0.11596370913 -0.859930134874
4.86973947896 0.142713669161 -0.856705976417
4.8997995992 0.169463629192 -0.852846996632
4.92985971944 0.196213589223 -0.848353195519
4.95991983968 0.222963549254 -0.843224573078
4.98997995992 0.249713509284 -0.837461129311
5.02004008016 0.276463469315 -0.831062864215
5.0501002004 0.303213429346 -0.824029777792
5.08016032064 0.329963389377 -0.816361870041
5.11022044088 0.356713349408 -0.808059140963
5.14028056112 0.383463309439 -0.799121590557
5.17034068136 0.410213269469 -0.789549218823
5.2004008016 0.4369632295 -0.779342025762
5.23046092184 0.463713189531 -0.768500011374
5.26052104208 0.490463149562 -0.757023175657
5.29058116232 0.517213109593 -0.744911518613
5.32064128257 0.543963069624 -0.732165040242
5.35070140281 0.570713029655 -0.718783740543
5.38076152305 0.597462989685 -0.704767619516
5.41082164329 0.624212949716 -0.690116677162
5.44088176353 0.650962909747 -0.67483091348
5.47094188377 0.677712869778 -0.65891032847
5.50100200401 0.704462829809 -0.642354922133
5.53106212425 0.728627264761 -0.624467542261
5.56112224449 0.739002232631 -0.602452178357
5.59118236473 0.7493772005 -0.580190599099
5.62124248497 0.75975216837 -0.557682804487
5.65130260521 0.770127136239 -0.534928794521
5.68136272545 0.780502104108 -0.511928569202
5.71142284569 0.790877071978 -0.488682128528
5.74148296593 0.801252039847 -0.465189472501
5.77154308617 0.811627007717 -0.441450601119
5.80160320641 0.822001975586 -0.417465514384
5.83166332665 0.832376943455 -0.393234212295
5.86172344689 0.842751911325 -0.368756694851
5.89178356713 0.853126879194 -0.344032962054
5.92184368737 0.863501847063 -0.319063013903
5.95190380762 0.873876814933 -0.293846850398
5.98196392786 0.884251782802 -0.268384471539
6.0120240481 0.894626750672 -0.242675877326
6.04208416834 0.905001718541 -0.21672106776
6.07214428858 0.91537668641 -0.190520042839
6.10220440882 0.92575165428 -0.164072802564
6.13226452906 0.936126622149 -0.137379346936
6.1623246493 0.946501590019 -0.110439675953
6.19238476954 0.956876557888 -0.0832537896166
6.22244488978 0.967251525757 -0.0558216879262
6.25250501002 0.977626493627 -0.0281433708819
6.28256513026 0.988001461496 -0.000218838483654
6.3126252505 0.998376429365 0.0279519092685
6.34268537074 0.988608699328 0.0576978799629
6.37274549098 0.976471240125 0.0873402810876
6.40280561122 0.964333780923 0.116694639989
6.43286573146 0.95219632172 0.145760956667
6.4629258517 0.940058862517 0.174539231121
6.49298597194 0.927921403314 0.203029463352
6.52304609218 0.915783944112 0.231231653359
6.55310621242 0.903646484909 0.259145801143
6.58316633267 0.891509025706 0.286771906704
6.61322645291 0.879371566503 0.314109970041
6.64328657315 0.867234107301 0.341159991154
6.67334669339 0.855096648098 0.367921970044
6.70340681363 0.842959188895 0.394395906711
6.73346693387 0.830821729692 0.420581801154
6.76352705411 0.81868427049 0.446479653374
6.79358717435 0.806546811287 0.47208946337
6.82364729459 0.794409352084 0.497411231143
6.85370741483 0.782271892881 0.522444956692
6.88376753507 0.770134433679 0.547190640018
6.91382765531 0.757996974476 0.571648281121
6.94388777555 0.745859515273 0.59581788
6.97394789579 0.73372205607 0.619699436655
7.00400801603 0.721584596868 0.643292951087
7.03406813627 0.709447137665 0.666598423296
7.06412825651 0.697309678462 0.689615853281
7.09418837675 0.685172219259 0.712345241043
7.12424849699 0.66335115822 0.733439927457
7.15430861723 0.635881329443 0.753164185055
7.18436873747 0.608411500665 0.772236537636
7.21442885772 0.580941671888 0.790656985198
7.24448897796 0.553471843111 0.808425527742
7.2745490982 0.526002014334 0.825542165269
7.30460921844 0.498532185556 0.842006897777
7.33466933868 0.471062356779 0.857819725268
7.36472945892 0.443592528002 0.872980647741
7.39478957916 0.416122699224 0.887489665195
7.4248496994 0.388652870447 0.901346777632
7.45490981964 0.36118304167 0.914551985051
7.48496993988 0.333713212892 0.927105287452
7.51503006012 0.306243384115 0.939006684835
7.54509018036 0.278773555338 0.9502561772
7.5751503006 0.251303726561 0.960853764548
7.60521042084 0.223833897783 0.970799446877
7.63527054108 0.196364069006 0.980093224188
7.66533066132 0.168894240229 0.988735096482
7.69539078156 0.141424411451 0.996725063758
7.7254509018 0.113954582674 1.00406312602
7.75551102204 0.0864847538968 1.01074928325
7.78557114228 0.0590149251195 1.01678353548
7.81563126253 0.0315450963422 1.02216588268
7.84569138277 0.00407526756487 1.02689632487
7.87575150301 -0.0233945612124 1.03097486203
7.90581162325 -0.0505262780434 1.03272090083
7.93587174349 -0.0770783743948 1.03094891908
7.96593186373 -0.103630470746 1.02854681163
7.99599198397 -0.130182567098 1.0255145785
8.02605210421 -0.156734663449 1.02185221967
8.05611222445 -0.183286759801 1.01755973515
8.08617234469 -0.209838856152 1.01263712494
8.11623246493 -0.236390952504 1.00708438904
8.14629258517 -0.262943048855 1.00090152745
8.17635270541 -0.289495145207 0.994088540164
8.20641282565 -0.316047241558 0.986645427189
8.23647294589 -0.342599337909 0.978572188523
8.26653306613 -0.369151434261 0.969868824165
8.29659318637 -0.395703530612 0.960535334116
8.32665330661 -0.422255626964 0.950571718376
8.35671342685 -0.448807723315 0.939977976945
8.38677354709 -0.475359819667 0.928754109822
8.41683366733 -0.501911916018 0.916900117008
8.44689378758 -0.52846401237 0.904415998502
8.47695390782 -0.555016108721 0.891301754306
8.50701402806 -0.581568205073 0.877557384418
8.5370741483 -0.608120301424 0.863182888839
8.56713426854 -0.634672397776 0.848178267568
8.59719438878 -0.661224494127 0.832543520607
8.62725450902 -0.687776590478 0.816278647954
8.65731462926 -0.71432868683 0.799383649609
8.6873747495 -0.739130789607 0.781396175503
8.71743486974 -0.749057946999 0.759066634062
8.74749498998 -0.758985104392 0.736501504558
8.77755511022 -0.768912261784 0.713700786993
8.80761523046 -0.778839419177 0.690664481366
8.8376753507 -0.788766576569 0.667392587678
8.86773547094 -0.798693733962 0.643885105927
8.89779559118 -0.808620891354 0.620142036115
8.92785571142 -0.818548048747 0.596163378241
8.95791583166 -0.828475206139 0.571949132306
8.9879759519 -0.838402363532 0.547499298309
9.01803607214 -0.848329520924 0.52281387625
9.04809619238 -0.858256678317 0.497892866129
9.07815631263 -0.868183835709 0.472736267946
9.10821643287 -0.878110993102 0.447344081702
9.13827655311 -0.888038150494 0.421716307396
9.16833667335 -0.897965307886 0.395852945028
9.19839679359 -0.907892465279 0.369753994599
9.22845691383 -0.917819622671 0.343419456108
9.25851703407 -0.927746780064 0.316849329555
9.28857715431 -0.937673937456 0.29004361494
9.31863727455 -0.947601094849 0.263002312264
9.34869739479 -0.957528252241 0.235725421526
9.37875751503 -0.967455409634 0.208212942726
9.40881763527 -0.977382567026 0.180464875864
9.43887775551 -0.987309724419 0.152481220941
9.46893787575 -0.997236881811 0.124261977956
9.49899799599 -0.988218804435 0.0946070273385
9.52905811623 -0.975648495541 0.0649832185725
9.55911823647 -0.963078186646 0.0356577242777
9.58917835671 -0.950507877751 0.00663054445414
9.61923847695 -0.937937568856 -0.0220983208983
9.64929859719 -0.925367259961 -0.0505288717795
9.67935871743 -0.912796951066 -0.0786611081895
9.70941883768 -0.900226642171 -0.106495030128
9.73947895792 -0.887656333276 -0.134030637596
9.76953907816 -0.875086024381 -0.161267930592
9.7995991984 -0.862515715486 -0.188206909118
9.82965931864 -0.849945406591 -0.214847573172
9.85971943888 -0.837375097697 -0.241189922755
9.88977955912 -0.824804788802 -0.267233957866
9.91983967936 -0.812234479907 -0.292979678507
9.9498997996 -0.799664171012 -0.318427084676
9.97995991984 -0.787093862117 -0.343576176374
10.0100200401 -0.774523553222 -0.368426953601
10.0400801603 -0.761953244327 -0.392979416357
10.0701402806 -0.749382935432 -0.417233564642
10.1002004008 -0.736812626537 -0.441189398455
10.130260521 -0.724242317642 -0.464846917797
10.1603206413 -0.711672008747 -0.488206122668
10.1903807615 -0.699101699852 -0.511267013068
10.2204408818 -0.686531390958 -0.534029588996
10.250501002 -0.673961082063 -0.556493850454
10.2805611222 -0.652671043389 -0.577390330915
10.3106212425 -0.625039383057 -0.59678306609
10.3406813627 -0.597407722726 -0.615520055714
10.370741483 -0.569776062394 -0.633601299787
10.4008016032 -0.542144402062 -0.651026798308
10.4308617234 -0.514512741731 -0.667796551277
10.4609218437 -0.486881081399 -0.683910558695
10.4909819639 -0.459249421068 -0.699368820561
10.5210420842 -0.431617760736 -0.714171336876
10.5511022044 -0.403986100405 -0.728318107639
10.5811623246 -0.376354440073 -0.74180913285
10.6112224449 -0.348722779742 -0.75464441251
10.6412825651 -0.32109111941 -0.766823946618
10.6713426854 -0.293459459078 -0.778347735175
10.7014028056 -0.265827798747 -0.78921577818
10.7314629259 -0.238196138415 -0.799428075633
10.7615230461 -0.210564478084 -0.808984627535
10.7915831663 -0.182932817752 -0.817885433885
10.8216432866 -0.155301157421 -0.826130494684
10.8517034068 -0.127669497089 -0.833719809931
10.8817635271 -0.100037836758 -0.840653379626
10.9118236473 -0.072406176426 -0.84693120377
10.9418837675 -0.0447745160945 -0.852553282363
10.9719438878 -0.0171428557629 -0.857519615403
11.002004008 0.0104888045686 -0.861830202893
11.0320641283 0.0381204649002 -0.86548504483
11.0621242485 0.0653464987266 -0.867035391756
11.0921843687 0.0916936751251 -0.86481109054
11.122244489 0.118040851524 -0.861961526727
11.1523046092 0.144388027922 -0.858486700316
11.1823647295 0.170735204321 -0.854386611307
11.2124248497 0.197082380719 -0.8496612597
11.2424849699 0.223429557118 -0.844310645496
11.2725450902 0.249776733516 -0.838334768694
11.3026052104 0.276123909915 -0.831733629294
11.3326653307 0.302471086313 -0.824507227296
11.3627254509 0.328818262712 -0.8166555627
11.3927855711 0.35516543911 -0.808178635507
11.4228456914 0.381512615509 -0.799076445716
11.4529058116 0.407859791907 -0.789348993327
11.4829659319 0.434206968306 -0.77899627834
11.5130260521 0.460554144704 -0.768018300756
11.5430861723 0.486901321103 -0.756415060573
11.5731462926 0.513248497501 -0.744186557793
11.6032064128 0.539595673899 -0.731332792415
11.6332665331 0.565942850298 -0.71785376444
11.6633266533 0.592290026696 -0.703749473866
11.6933867735 0.618637203095 -0.689019920695
11.7234468938 0.644984379493 -0.673665104926
11.753507014 0.671331555892 -0.657685026559
11.7835671343 0.69767873229 -0.641079685594
11.8136272545 0.724025908689 -0.623849082032
11.8436873747 0.749485165738 -0.60576329502
11.873747495 0.758961874491 -0.583124388204
11.9038076152 0.768438583244 -0.560260583226
11.9338677355 0.777915291998 -0.537171880087
11.9639278557 0.787392000751 -0.513858278787
11.993987976 0.796868709504 -0.490319779325
12.0240480962 0.806345418258 -0.466556381701
12.0541082164 0.815822127011 -0.442568085916
12.0841683367 0.825298835764 -0.41835489197
12.1142284569 0.834775544518 -0.393916799862
12.1442885772 0.844252253271 -0.369253809592
12.1743486974 0.853728962024 -0.344365921161
12.2044088176 0.863205670778 -0.319253134568
12.2344689379 0.872682379531 -0.293915449814
12.2645290581 0.882159088284 -0.268352866898
12.2945891784 0.891635797038 -0.242565385821
12.3246492986 0.901112505791 -0.216553006582
12.3547094188 0.910589214544 -0.190315729181
12.3847695391 0.920065923298 -0.163853553619
12.4148296593 0.929542632051 -0.137166479896
12.4448897796 0.939019340804 -0.110254508011
12.4749498998 0.948496049558 -0.0831176379643
12.50501002 0.957972758311 -0.0557558697562
12.5350701403 0.967449467064 -0.0281692033866
12.5651302605 0.976926175818 -0.000357638855454
12.5951903808 0.986402884571 0.0276788238372
12.625250501 0.995879593324 0.0559401846914
12.6553106212 0.987611675692 0.0855036974471
12.6853707415 0.97461185769 0.115102118384
12.7154308617 0.961612039688 0.144392031879
12.745490982 0.948612221686 0.173373437933
12.7755511022 0.935612403684 0.202046336546
12.8056112224 0.922612585682 0.230410727718
12.8356713427 0.90961276768 0.258466611448
12.8657314629 0.896612949678 0.286213987737
12.8957915832 0.883613131676 0.313652856585
12.9258517034 0.870613313674 0.340783217991
12.9559118236 0.857613495673 0.367605071957
12.9859719439 0.844613677671 0.394118418481
13.0160320641 0.831613859669 0.420323257564
13.0460921844 0.818614041667 0.446219589206
13.0761523046 0.805614223665 0.471807413406
13.1062124248 0.792614405663 0.497086730165
13.1362725451 0.779614587661 0.522057539483
13.1663326653 0.766614769659 0.54671984136
13.1963927856 0.753614951657 0.571073635795
13.2264529058 0.740615133655 0.595118922789
13.2565130261 0.727615315653 0.618855702342
13.2865731463 0.714615497651 0.642283974454
13.3166332665 0.701615679649 0.665403739124
13.3466933868 0.688615861648 0.688214996354
13.376753507 0.675616043646 0.710717746142
13.4068136273 0.662616225644 0.732911988488
13.4368737475 0.641834128319 0.753611945589
13.4669338677 0.614047979603 0.772668399779
13.496993988 0.586261830887 0.791065442148
13.5270541082 0.558475682171 0.808803072698
13.5571142285 0.530689533455 0.825881291429
13.5871743487 0.502903384739 0.84230009834
13.6172344689 0.475117236023 0.858059493432
13.6472945892 0.447331087307 0.873159476704
13.6773547094 0.419544938591 0.887600048156
13.7074148297 0.391758789875 0.901381207789
13.7374749499 0.36397264116 0.914502955602
13.7675350701 0.336186492444 0.926965291596
13.7975951904 0.308400343728 0.93876821577
13.8276553106 0.280614195012 0.949911728125
13.8577154309 0.252828046296 0.96039582866
13.8877755511 0.22504189758 0.970220517376
13.9178356713 0.197255748864 0.979385794272
13.9478957916 0.169469600148 0.987891659349
13.9779559118 0.141683451432 0.995738112606
14.0080160321 0.113897302716 1.00292515404
14.0380761523 0.0861111540004 1.00945278366
14.0681362725 0.0583250052845 1.01532100146
14.0981963928 0.0305388565686 1.02052980744
14.128256513 0.00275270785272 1.0250792016
14.1583166333 -0.0250334408632 1.02896918394
14.1883767535 -0.0528195895791 1.03219975446
14.2184368737 -0.0801712924829 1.0335569549
14.248496994 -0.106306547113 1.03088040468
14.2785571142 -0.132441801743 1.02758362113
14.3086172345 -0.158577056372 1.02366660423
14.3386773547 -0.184712311002 1.019129354
14.3687374749 -0.210847565632 1.01397187043
14.3987975952 -0.236982820262 1.00819415351
14.4288577154 -0.263118074892 1.00179620326
14.4589178357 -0.289253329522 0.99477801967
14.4889779559 -0.315388584151 0.987139602739
14.5190380762 -0.341523838781 0.978880952468
14.5490981964 -0.367659093411 0.970002068858
14.5791583166 -0.393794348041 0.960502951909
14.6092184369 -0.419929602671 0.95038360162
14.6392785571 -0.446064857301 0.939644017992
14.6693386774 -0.472200111931 0.928284201024
14.6993987976 -0.49833536656 0.916304150717
14.7294589178 -0.52447062119 0.90370386707
14.7595190381 -0.55060587582 0.890483350083
14.7895791583 -0.57674113045 0.876642599758
14.8196392786 -0.60287638508 0.862181616092
14.8496993988 -0.62901163971 0.847100399087
14.879759519 -0.655146894339 0.831398948743
14.9098196393 -0.681282148969 0.815077265059
14.9398797595 -0.707417403599 0.798135348036
14.9699398798 -0.733552658229 0.780573197673
15.0 -0.759687912859 0.762390813971
