0.0 1.0 0.0 -0.0957665109115 0.0 1.0
0.0300601202405 0.996802037792 0.0299104492874 -0.117004574643 0.789473684211 0.704219088293
0.060120240481 0.992965656835 0.0595215566687 -0.138242638375 1.57894736842 -0.00815095136796
0.0901803607214 0.988490857128 0.0888333221439 -0.159480702107 2.36842105263 -0.715699199375
0.120240480962 0.983377638672 0.117845745713 -0.180718765839 3.15789473684 -0.999867123984
0.150300601202 0.977626001467 0.146558827376 -0.201956829571 3.94736842105 -0.692551829556
0.180360721443 0.971235945512 0.174972567133 -0.223194893303 4.73684210526 0.024450687972
0.210420841683 0.964207470807 0.203086964983 -0.244432957035 5.52631578947 0.72698911194
0.240480961924 0.956540577353 0.230902020928 -0.265671020766 6.31578947368 0.999468531246
0.270541082164 0.94823526515 0.258417734966 -0.286909084498 7.10526315789 0.680700523764
0.300601202405 0.939291534197 0.285634107099 -0.30814714823 7.89473684211 -0.040743926756
0.330661322645 0.929709384495 0.312551137325 -0.329385211962 8.68421052632 -0.738085825671
0.360721442886 0.919488816043 0.339168825645 -0.350623275694 9.47368421053 -0.998804327715
0.390781563126 0.908629828842 0.365487172059 -0.371861339426 10.2631578947 -0.668668320423
0.420841683367 0.897132422891 0.391506176567 -0.393099403158 11.0526315789 0.0570263377586
0.450901803607 0.884996598191 0.417225839169 -0.414337466889 11.8421052632 0.748986391593
0.480961923848 0.872222354742 0.442646159864 -0.435575530621 12.6315789474 0.997874689904
0.511022044088 0.858809692543 0.467767138654 -0.456813594353 13.4210526316 0.656458417116
0.541082164329 0.844758611594 0.492588775537 -0.478051658085 14.2105263158 -0.0732935938961
0.571142284569 0.830069111896 0.517111070514 -0.499289721817 15.0 -0.759687912859
0.60120240481 0.814741193449 0.541334023585 -0.520527785549
0.63126252505 0.798774856252 0.56525763475 -0.541765849281
0.661322645291 0.782170100306 0.588881904009 -0.563003913013
0.691382765531 0.76492692561 0.612206831362 -0.584241976744
0.721442885772 0.747045332165 0.635232416809 -0.605480040476
0.751503006012 0.72852531997 0.657958660349 -0.626718104208
0.781563126253 0.709366889026 0.680385561984 -0.64795616794
0.811623246493 0.689588743809 0.701623919713 -0.667505306512
0.841683366733 0.669238695251 0.721827611409 -0.686451257528
0.871743486974 0.648319129128 0.741250913458 -0.705397208543
0.901803607214 0.626830045439 0.759893825859 -0.724343159558
0.931863727455 0.604771444185 0.777756348614 -0.743289110574
0.961923847695 0.582143325364 0.794838481722 -0.762235061589
0.991983967936 0.558945688979 0.811140225182 -0.781181012604
1.02204408818 0.535178535028 0.826661578996 -0.800126963619
1.05210420842 0.510841863511 0.841402543162 -0.819072914635
1.08216432866 0.485935674428 0.855363117682 -0.83801886565
1.1122244489 0.46045996778 0.868543302554 -0.856964816665
1.14228456914 0.434414743567 0.88094309778 -0.875910767681
1.17234468938 0.407800001787 0.892562503358 -0.894856718696
1.20240480962 0.380615742443 0.90340151929 -0.913802669711
1.23246492986 0.352861965532 0.913460145574 -0.932748620727
1.2625250501 0.324538671056 0.922738382211 -0.951694571742
1.29258517034 0.295645859015 0.931236229201 -0.970640522757
1.32264529058 0.266183529408 0.938953686545 -0.989586473772
1.35270541082 0.236151682235 0.945890754241 -1.00853242479
1.38276553106 0.205550317496 0.95204743229 -1.0274783758
1.4128256513 0.174379435193 0.957423720692 -1.04642432682
1.44288577154 0.142639035323 0.962019619447 -1.06537027783
1.47294589178 0.110329117888 0.965835128555 -1.08431622885
1.50300601202 0.0774496828872 0.968870248016 -1.10326217986
1.53306613226 0.0440007303209 0.97112497783 -1.12220813088
1.56312625251 0.00998226018901 0.972599317997 -1.14115408189
1.59318637275 -0.0244763724903 0.972850897834 -1.14193092288
1.62324649299 -0.0585112039541 0.97178246373 -1.12251986384
1.65330661323 -0.0919625366492 0.969868359626 -1.1031088048
1.68336673347 -0.124830370575 0.967108585522 -1.08369774576
1.71342685371 -0.157114705733 0.963503141419 -1.06428668672
1.74348697395 -0.188815542122 0.959052027317 -1.04487562768
1.77354709419 -0.219932879742 0.953755243214 -1.02546456864
1.80360721443 -0.250466718593 0.947612789112 -1.00605350959
1.83366733467 -0.280417058675 0.94062466501 -0.986642450554
1.86372745491 -0.309783899989 0.932790870909 -0.967231391512
1.89378757515 -0.338567242534 0.924111406808 -0.947820332471
1.92384769539 -0.36676708631 0.914586272708 -0.92840927343
1.95390781563 -0.394383431317 0.904215468607 -0.908998214389
1.98396793587 -0.421416277555 0.892998994508 -0.889587155347
2.01402805611 -0.447865625025 0.880936850408 -0.870176096306
2.04408817635 -0.473731473726 0.868029036309 -0.850765037265
2.07414829659 -0.499013823658 0.85427555221 -0.831353978224
2.10420841683 -0.523712674822 0.839676398112 -0.811942919183
2.13426853707 -0.547828027216 0.824231574014 -0.792531860141
2.16432865731 -0.571359880842 0.807941079916 -0.7731208011
2.19438877756 -0.594308235699 0.790804915819 -0.753709742059
2.2244488978 -0.616673091788 0.772823081722 -0.734298683018
2.25450901804 -0.638454449107 0.753995577625 -0.714887623976
2.28456913828 -0.659652307658 0.734322403529 -0.695476564935
2.31462925852 -0.68026666744 0.713803559433 -0.676065505894
2.34468937876 -0.700297528453 0.692439045337 -0.656654446853
2.374749499 -0.719743547087 0.670437618485 -0.636818762008
2.40480961924 -0.738564331041 0.648664412413 -0.615390730403
2.43486973948 -0.756740985788 0.62652640341 -0.593962698797
2.46492985972 -0.774273511329 0.604023591476 -0.572534667191
2.49498997996 -0.791161907664 0.581155976612 -0.551106635585
2.5250501002 -0.807406174791 0.557923558816 -0.529678603979
2.55511022044 -0.823006312713 0.534326338089 -0.508250572373
2.58517034068 -0.837962321427 0.510364314431 -0.486822540767
2.61523046092 -0.852274200935 0.486037487843 -0.465394509161
2.64529058116 -0.865941951236 0.461345858323 -0.443966477555
2.6753507014 -0.878965572331 0.436289425872 -0.42253844595
2.70541082164 -0.891345064219 0.410868190491 -0.401110414344
2.73547094188 -0.903080426901 0.385082152178 -0.379682382738
2.76553106212 -0.914171660376 0.358931310935 -0.358254351132
2.79559118236 -0.924618764644 0.33241566676 -0.336826319526
2.82565130261 -0.934421739706 0.305535219654 -0.31539828792
2.85571142285 -0.943580585561 0.278289969618 -0.293970256314
2.88577154309 -0.95209530221 0.25067991665 -0.272542224708
2.91583166333 -0.959965889652 0.222705060752 -0.251114193102
2.94589178357 -0.967192347887 0.194365401922 -0.229686161496
2.97595190381 -0.973774676916 0.165660940162 -0.208258129891
3.00601202405 -0.979712876739 0.13659167547 -0.186830098285
3.03607214429 -0.985006947354 0.107157607848 -0.165402066679
3.06613226453 -0.989656888763 0.0773587372942 -0.143974035073
3.09619238477 -0.993662700966 0.0471950638097 -0.122546003467
3.12625250501 -0.997024383962 0.0166665873943 -0.101117971861
3.15631262525 -0.999741937751 -0.0142266919522 -0.0796899402553
3.18637274549 -1.00162383503 -0.0442086466338 -0.0448110172662
3.21643286573 -1.00243539575 -0.0738508450796 -0.00918482253352
3.24649298597 -1.00217602877 -0.103207057235 0.0264413721991
3.27655310621 -1.0008457341 -0.1322772831 0.0620675669317
3.30661322645 -0.998444511723 -0.161061522674 0.0976937616644
3.33667334669 -0.994972361652 -0.189559775958 0.133319956397
3.36673346693 -0.990429283883 -0.217772042952 0.16894615113
3.39679358717 -0.984815278417 -0.245698323655 0.204572345862
3.42685370741 -0.978130345254 -0.273338618068 0.240198540595
3.45691382766 -0.970374484394 -0.30069292619 0.275824735327
3.4869739479 -0.961547695836 -0.327761248022 0.31145093006
3.51703406814 -0.95164997958 -0.354543583563 0.347077124793
3.54709418838 -0.940681335628 -0.381039932814 0.382703319525
3.57715430862 -0.928641763978 -0.407250295775 0.418329514258
3.60721442886 -0.91553126463 -0.433174672445 0.453955708991
3.6372745491 -0.901349837586 -0.458813062825 0.489581903723
3.66733466934 -0.886097482843 -0.484165466914 0.525208098456
3.69739478958 -0.869774200404 -0.509231884713 0.560834293189
3.72745490982 -0.852379990267 -0.534012316221 0.596460487921
3.75751503006 -0.833914852433 -0.558506761439 0.632086682654
3.7875751503 -0.814378786901 -0.582715220366 0.667712877386
3.81763527054 -0.793771793672 -0.606637693003 0.703339072119
3.84769539078 -0.772093872745 -0.63027417935 0.738965266852
3.87775551102 -0.749345024122 -0.653624679406 0.774591461584
3.90781563126 -0.725525247801 -0.676689193171 0.810217656317
3.9378757515 -0.700634543782 -0.699467720647 0.84584385105
3.96793587174 -0.6748962008 -0.720655137515 0.859757220265
3.99799599198 -0.648993297408 -0.740509999249 0.863649285396
4.02805611222 -0.622973398071 -0.759551382708 0.867541350527
4.05811623246 -0.596836502788 -0.777779287892 0.871433415658
4.08817635271 -0.570582611558 -0.795193714801 0.875325480789
4.11823647295 -0.544211724383 -0.811794663436 0.87921754592
4.14829659319 -0.517723841263 -0.827582133796 0.883109611051
4.17835671343 -0.491118962196 -0.842556125881 0.887001676182
4.20841683367 -0.464397087184 -0.856716639691 0.890893741313
4.23847695391 -0.437558216225 -0.870063675227 0.894785806444
4.26853707415 -0.410602349321 -0.882597232488 0.898677871575
4.29859719439 -0.383529486471 -0.894317311475 0.902569936706
4.32865731463 -0.356339627676 -0.905223912187 0.906462001837
4.35871743487 -0.329032772934 -0.915317034624 0.910354066968
4.38877755511 -0.301608922247 -0.924596678786 0.914246132099
4.41883767535 -0.274068075613 -0.933062844674 0.91813819723
4.44889779559 -0.246410233034 -0.940715532287 0.922030262361
4.47895791583 -0.218635394509 -0.947554741625 0.925922327492
4.50901803607 -0.190743560039 -0.953580472689 0.929814392623
4.53907815631 -0.162734729622 -0.958792725478 0.933706457754
4.56913827655 -0.13460890326 -0.963191499992 0.937598522885
4.59919839679 -0.106366080952 -0.966776796232 0.941490588016
4.62925851703 -0.0780062626979 -0.969548614196 0.945382653147
4.65931863727 -0.0495294484982 -0.971506953887 0.949274718278
4.68937875752 -0.0209356383526 -0.972651815302 0.953166783409
4.71943887776 0.00777516773884 -0.972983198443 0.95705884854
4.749498998 0.0365785104488 -0.972421627438 0.957085932308
4.77955911824 0.0652691607346 -0.970937023182 0.951798666703
4.80961923848 0.0938008751805 -0.968638552693 0.946511401098
4.83967935872 0.122173653787 -0.96552621597 0.941224135492
4.86973947896 0.150387496553 -0.961600013014 0.935936869887
4.8997995992 0.178442403479 -0.956859943825 0.930649604281
4.92985971944 0.206338374566 -0.951306008403 0.925362338676
4.95991983968 0.234075409812 -0.944938206748 0.920075073071
4.98997995992 0.261653509219 -0.937756538859 0.914787807465
5.02004008016 0.289072672786 -0.929761004737 0.90950054186
5.0501002004 0.316332900513 -0.920951604382 0.904213276255
5.08016032064 0.343434192401 -0.911328337794 0.898926010649
5.11022044088 0.370376548448 -0.900891204973 0.893638745044
5.14028056112 0.397159968656 -0.889640205918 0.888351479439
5.17034068136 0.423784453024 -0.877575340631 0.883064213833
5.2004008016 0.450250001552 -0.86469660911 0.877776948228
5.23046092184 0.47655661424 -0.851004011356 0.872489682623
5.26052104208 0.502704291088 -0.836497547368 0.867202417017
5.29058116232 0.528693032097 -0.821177217148 0.861915151412
5.32064128257 0.554522837265 -0.805043020694 0.856627885806
5.35070140281 0.580193706594 -0.788094958007 0.851340620201
5.38076152305 0.605705640083 -0.770333029087 0.846053354596
5.41082164329 0.631058637732 -0.751757233934 0.84076608899
5.44088176353 0.656252699541 -0.732367572547 0.835478823385
5.47094188377 0.681287825511 -0.712164044928 0.83019155778
5.50100200401 0.70616401564 -0.691146651075 0.824904292174
5.53106212425 0.73086968808 -0.669361285373 0.814736692527
5.56112224449 0.754816742246 -0.647258771483 0.778540644657
5.59118236473 0.777675738861 -0.62477757426 0.742344596786
5.62124248497 0.799446677925 -0.601917693704 0.706148548916
5.65130260521 0.820129559437 -0.578679129814 0.669952501046
5.68136272545 0.839724383399 -0.555061882592 0.633756453175
5.71142284569 0.858231149809 -0.531065952037 0.597560405305
5.74148296593 0.875649858667 -0.506691338148 0.561364357435
5.77154308617 0.891980509975 -0.481938040927 0.525168309564
5.80160320641 0.907223103731 -0.456806060373 0.488972261694
5.83166332665 0.921377639937 -0.431295396485 0.452776213824
5.86172344689 0.934444118591 -0.405406049265 0.416580165953
5.89178356713 0.946422539693 -0.379138018711 0.380384118083
5.92184368737 0.957312903245 -0.352491304824 0.344188070213
5.95190380762 0.967115209245 -0.325465907605 0.307992022342
5.98196392786 0.975829457694 -0.298061827052 0.271795974472
6.0120240481 0.983455648592 -0.270279063166 0.235599926602
6.04208416834 0.989993781939 -0.242117615948 0.199403878731
6.07214428858 0.995443857734 -0.213577485396 0.163207830861
6.10220440882 0.999805875979 -0.184658671511 0.127011782991
6.13226452906 1.00307983667 -0.155361174293 0.0908157351202
6.1623246493 1.00526573981 -0.125684993742 0.0546196872498
6.19238476954 1.0063635854 -0.0956301298585 0.0184236393795
6.22244488978 1.00637337344 -0.0651965826416 -0.0177724084909
6.25250501002 1.00529510393 -0.0343843520916 -0.0539684563612
6.28256513026 1.00312877687 -0.00319343820857 -0.0901645042316
6.3126252505 0.999874392255 0.0283761590075 -0.126360552102
6.34268537074 0.995716774755 0.0584722572866 -0.148812892866
6.37274549098 0.990930283476 0.0880611656774 -0.169648326912
6.40280561122 0.985517476544 0.117323678564 -0.190483760958
6.43286573146 0.979478353959 0.146259795946 -0.211319195003
6.4629258517 0.972812915722 0.174869517824 -0.232154629049
6.49298597194 0.965521161832 0.203152844197 -0.252990063095
6.52304609218 0.957603092289 0.231109775066 -0.27382549714
6.55310621242 0.949058707094 0.25874031043 -0.294660931186
6.58316633267 0.939888006246 0.28604445029 -0.315496365232
6.61322645291 0.930090989745 0.313022194646 -0.336331799278
6.64328657315 0.919667657592 0.339673543498 -0.357167233323
6.67334669339 0.908618009786 0.365998496845 -0.378002667369
6.70340681363 0.896942046327 0.391997054687 -0.398838101415
6.73346693387 0.884639767216 0.417669217026 -0.419673535461
6.76352705411 0.871711172452 0.44301498386 -0.440508969506
6.79358717435 0.858156262035 0.468034355189 -0.461344403552
6.82364729459 0.843975035966 0.492727331014 -0.482179837598
6.85370741483 0.829167494244 0.517093911335 -0.503015271644
6.88376753507 0.813733636869 0.541134096151 -0.523850705689
6.91382765531 0.797673463842 0.564847885463 -0.544686139735
6.94388777555 0.780986975162 0.588235279271 -0.565521573781
6.97394789579 0.763674170829 0.611296277574 -0.586357007827
7.00400801603 0.745735050843 0.634030880373 -0.607192441872
7.03406813627 0.727169615205 0.656439087668 -0.628027875918
7.06412825651 0.707977863914 0.678520899458 -0.648863309964
7.09418837675 0.688159796971 0.700276315744 -0.669698744009
7.12424849699 0.667732374469 0.720974459484 -0.688747526369
7.15430861723 0.646757901198 0.740539611571 -0.706754095246
7.18436873747 0.625242148302 0.759312253771 -0.724760664122
7.21442885772 0.60318511578 0.777292386083 -0.742767232999
7.24448897796 0.580586803633 0.794480008507 -0.760773801875
7.2745490982 0.55744721186 0.810875121043 -0.778780370751
7.30460921844 0.533766340461 0.826477723692 -0.796786939628
7.33466933868 0.509544189437 0.841287816453 -0.814793508504
7.36472945892 0.484780758787 0.855305399325 -0.832800077381
7.39478957916 0.459476048512 0.868530472311 -0.850806646257
7.4248496994 0.433630058612 0.880963035408 -0.868813215134
7.45490981964 0.407242789085 0.892603088617 -0.88681978401
7.48496993988 0.380314239934 0.903450631939 -0.904826352887
7.51503006012 0.352844411156 0.913505665373 -0.922832921763
7.54509018036 0.324833302754 0.922768188919 -0.940839490639
7.5751503006 0.296280914725 0.931238202578 -0.958846059516
7.60521042084 0.267187247071 0.938915706348 -0.976852628392
7.63527054108 0.237552299792 0.945800700231 -0.994859197269
7.66533066132 0.207376072887 0.951893184226 -1.01286576615
7.69539078156 0.176658566356 0.957193158333 -1.03087233502
7.7254509018 0.1453997802 0.961700622552 -1.0488789039
7.75551102204 0.113599714418 0.965415576884 -1.06688547277
7.78557114228 0.0812583690113 0.968338021328 -1.08489204165
7.81563126253 0.0483757439785 0.970467955884 -1.10289861053
7.84569138277 0.0149518393203 0.971805380552 -1.1209051794
7.87575150301 -0.0190133449636 0.972350295332 -1.13891174828
7.90581162325 -0.0534415957319 0.971778177169 -1.14279376877
7.93587174349 -0.0874885302989 0.969827681638 -1.12246227775
7.96593186373 -0.120924297801 0.967041499095 -1.10213078673
7.99599198397 -0.153748898239 0.963419629542 -1.08179929571
8.02605210421 -0.185962331611 0.958962072977 -1.06146780469
8.05611222445 -0.217564597919 0.953668829401 -1.04113631366
8.08617234469 -0.248555697162 0.947539898814 -1.02080482264
8.11623246493 -0.27893562934 0.940575281215 -1.00047333162
8.14629258517 -0.308704394454 0.932774976606 -0.980141840598
8.17635270541 -0.337861992503 0.924138984985 -0.959810349576
8.20641282565 -0.366408423486 0.914667306353 -0.939478858554
8.23647294589 -0.394343687406 0.90435994071 -0.919147367532
8.26653306613 -0.42166778426 0.893216888056 -0.89881587651
8.29659318637 -0.44838071405 0.88123814839 -0.878484385489
8.32665330661 -0.474482476774 0.868423721713 -0.858152894467
8.35671342685 -0.499973072434 0.854773608026 -0.837821403445
8.38677354709 -0.52485250103 0.840287807326 -0.817489912423
8.41683366733 -0.54912076256 0.824966319616 -0.797158421401
8.44689378758 -0.572777857026 0.808809144895 -0.776826930379
8.47695390782 -0.595823784426 0.791816283162 -0.756495439357
8.50701402806 -0.618258544762 0.773987734418 -0.736163948335
8.5370741483 -0.640082138034 0.755323498663 -0.715832457313
8.56713426854 -0.66129456424 0.735823575897 -0.695500966292
8.59719438878 -0.681895823382 0.71548796612 -0.67516947527
8.62725450902 -0.701885915459 0.694316669331 -0.654837984248
8.65731462926 -0.721264840471 0.672309685532 -0.634506493226
8.6873747495 -0.74003235635 0.649573515763 -0.614021999048
8.71743486974 -0.758162501296 0.627181611512 -0.59223697804
8.74749498998 -0.775637785892 0.604451084993 -0.570451957033
8.77755511022 -0.792458210136 0.581381936206 -0.548666936025
8.80761523046 -0.80862377403 0.55797416515 -0.526881915018
8.8376753507 -0.824134477572 0.534227771827 -0.50509689401
8.86773547094 -0.838990320764 0.510142756235 -0.483311873003
8.89779559118 -0.853191303604 0.485719118375 -0.461526851995
8.92785571142 -0.866737426094 0.460956858247 -0.439741830987
8.95791583166 -0.879628688233 0.435855975851 -0.41795680998
8.9879759519 -0.891865090021 0.410416471187 -0.396171788972
9.01803607214 -0.903446631458 0.384638344254 -0.374386767965
9.04809619238 -0.914373312544 0.358521595054 -0.352601746957
9.07815631263 -0.924645133279 0.332066223585 -0.33081672595
9.10821643287 -0.934262093663 0.305272229848 -0.309031704942
9.13827655311 -0.943224193696 0.278139613843 -0.287246683935
9.16833667335 -0.951531433378 0.250668375569 -0.265461662927
9.19839679359 -0.95918381271 0.222858515028 -0.24367664192
9.22845691383 -0.96618133169 0.194710032218 -0.221891620912
9.25851703407 -0.97252399032 0.16622292714 -0.200106599905
9.28857715431 -0.978211788598 0.137397199794 -0.178321578897
9.31863727455 -0.983244726526 0.10823285018 -0.15653655789
9.34869739479 -0.987622804103 0.0787298782979 -0.134751536882
9.37875751503 -0.991346021328 0.0488882841474 -0.112966515875
9.40881763527 -0.994414378203 0.0187080677288 -0.091181494867
9.43887775551 -0.996827874727 -0.011810770958 -0.0693964738595
9.46893787575 -0.9985865109 -0.042668231913 -0.0476114528519
9.49899799599 -0.999547212789 -0.0727439984049 -0.0145223987948
9.52905811623 -0.999454571065 -0.102348262527 0.020686161459
9.55911823647 -0.998303555787 -0.131639649502 0.0558947217129
9.58917835671 -0.996094166954 -0.16061815933 0.0911032819668
9.61923847695 -0.992826404567 -0.189283792012 0.126311842221
9.64929859719 -0.988500268624 -0.217636547546 0.161520402475
9.67935871743 -0.983115759127 -0.245676425933 0.196728962728
9.70941883768 -0.976672876075 -0.273403427173 0.231937522982
9.73947895792 -0.969171619469 -0.300817551266 0.267146083236
9.76953907816 -0.960611989308 -0.327918798213 0.30235464349
9.7995991984 -0.950993985592 -0.354707168012 0.337563203744
9.82965931864 -0.940317608321 -0.381182660664 0.372771763998
9.85971943888 -0.928582857496 -0.407345276169 0.407980324252
9.88977955912 -0.915789733116 -0.433195014528 0.443188884506
9.91983967936 -0.901938235181 -0.458731875739 0.478397444759
9.9498997996 -0.887028363691 -0.483955859803 0.513606005013
9.97995991984 -0.871060118647 -0.50886696672 0.548814565267
10.0100200401 -0.854033500048 -0.533465196491 0.584023125521
10.0400801603 -0.835948507894 -0.557750549114 0.619231685775
10.0701402806 -0.816805142186 -0.58172302459 0.654440246029
10.1002004008 -0.796603402922 -0.60538262292 0.689648806283
10.130260521 -0.775343290105 -0.628729344102 0.724857366537
10.1603206413 -0.753024803732 -0.651763188137 0.76006592679
10.1903807615 -0.729647943805 -0.674484155026 0.795274487044
10.2204408818 -0.705212710322 -0.696892244767 0.830483047298
10.250501002 -0.679719103286 -0.718987457362 0.865691607552
10.2805611222 -0.653329649909 -0.73969579799 0.882222343303
10.3106212425 -0.626765648656 -0.758905731247 0.885169206689
10.3406813627 -0.600113064336 -0.777290492782 0.888116070074
10.370741483 -0.573371896948 -0.794850082596 0.89106293346
10.4008016032 -0.546542146493 -0.81158450069 0.894009796846
10.4308617234 -0.51962381297 -0.827493747063 0.896956660231
10.4609218437 -0.492616896379 -0.842577821715 0.899903523617
10.4909819639 -0.46552139672 -0.856836724646 0.902850387003
10.5210420842 -0.438337313994 -0.870270455857 0.905797250388
10.5511022044 -0.4110646482 -0.882879015346 0.908744113774
10.5811623246 -0.383703399338 -0.894662403115 0.911690977159
10.6112224449 -0.356253567409 -0.905620619163 0.914637840545
10.6412825651 -0.328715152412 -0.91575366349 0.917584703931
10.6713426854 -0.301088154347 -0.925061536096 0.920531567316
10.7014028056 -0.273372573214 -0.933544236981 0.923478430702
10.7314629259 -0.245568409014 -0.941201766146 0.926425294087
10.7615230461 -0.217675661746 -0.948034123589 0.929372157473
10.7915831663 -0.18969433141 -0.954041309312 0.932319020859
10.8216432866 -0.161624418007 -0.959223323314 0.935265884244
10.8517034068 -0.133465921536 -0.963580165595 0.93821274763
10.8817635271 -0.105218841997 -0.967111836156 0.941159611016
10.9118236473 -0.0768831793907 -0.969818334995 0.944106474401
10.9418837675 -0.0484589337166 -0.971699662114 0.947053337787
10.9719438878 -0.0199461049747 -0.972755817512 0.950000201172
11.002004008 0.00865530683489 -0.972986801189 0.952947064558
11.0320641283 0.0373453017122 -0.972392613145 0.955893927944
11.0621242485 0.066110168616 -0.970929225086 0.955952027308
11.0921843687 0.0947530017613 -0.968559564646 0.949751137958
11.122244489 0.123209435427 -0.965386459334 0.943550248609
11.1523046092 0.151479469614 -0.961409909149 0.93734935926
11.1823647295 0.17956310432 -0.956629914091 0.93114846991
11.2124248497 0.207460339548 -0.951046474161 0.924947580561
11.2424849699 0.235171175296 -0.944659589359 0.918746691211
11.2725450902 0.262695611565 -0.937469259683 0.912545801862
11.3026052104 0.290033648354 -0.929475485135 0.906344912513
11.3326653307 0.317185285664 -0.920678265715 0.900144023163
11.3627254509 0.344150523494 -0.911077601422 0.893943133814
11.3927855711 0.370929361845 -0.900673492256 0.887742244465
11.4228456914 0.397521800716 -0.889465938218 0.881541355115
11.4529058116 0.423927840108 -0.877454939307 0.875340465766
11.4829659319 0.450147480021 -0.864640495523 0.869139576417
11.5130260521 0.476180720454 -0.851022606867 0.862938687067
11.5430861723 0.502027561408 -0.836601273338 0.856737797718
11.5731462926 0.527688002882 -0.821376494937 0.850536908369
11.6032064128 0.553162044877 -0.805348271663 0.844336019019
11.6332665331 0.578449687392 -0.788516603516 0.83813512967
11.6633266533 0.603550930428 -0.770881490497 0.83193424032
11.6933867735 0.628465773985 -0.752442932605 0.825733350971
11.7234468938 0.653194218062 -0.733200929841 0.819532461622
11.753507014 0.677736262659 -0.713155482204 0.813331572272
11.7835671343 0.702091907777 -0.692306589694 0.807130682923
11.8136272545 0.726261153416 -0.670654252312 0.800929793574
11.8436873747 0.75024273652 -0.648214915797 0.793132233733
11.873747495 0.773535224077 -0.625505596045 0.756594605048
11.9038076152 0.795729386122 -0.602443964249 0.720056976363
11.9338677355 0.816825222656 -0.579030020408 0.683519347678
11.9639278557 0.836822733678 -0.555263764522 0.646981718993
11.993987976 0.855721919188 -0.531145196592 0.610444090308
12.0240480962 0.873522779187 -0.506674316616 0.573906461623
12.0541082164 0.890225313675 -0.481851124596 0.537368832937
12.0841683367 0.90582952265 -0.456675620531 0.500831204252
12.1142284569 0.920335406115 -0.431147804422 0.464293575567
12.1442885772 0.933742964067 -0.405267676267 0.427755946882
12.1743486974 0.946052196508 -0.379035236068 0.391218318197
12.2044088176 0.957263103438 -0.352450483824 0.354680689512
12.2344689379 0.967375684856 -0.325513419535 0.318143060827
12.2645290581 0.976389940762 -0.298224043201 0.281605432142
12.2945891784 0.984305871157 -0.270582354823 0.245067803457
12.3246492986 0.99112347604 -0.2425883544 0.208530174772
12.3547094188 0.996842755412 -0.214242041931 0.171992546087
12.3847695391 1.00146370927 -0.185543417419 0.135454917402
12.4148296593 1.00498633762 -0.156492480861 0.0989172887166
12.4448897796 1.00741064046 -0.127089232259 0.0623796600316
12.4749498998 1.00873661778 -0.0973336716113 0.0258420313465
12.50501002 1.0089642696 -0.0672257989193 -0.0106955973386
12.5350701403 1.0080935959 -0.0367656141825 -0.0472332260237
12.5651302605 1.00612459669 -0.00595311740087 -0.0837708547087
12.5951903808 1.00305727197 0.0252116914255 -0.120308483394
12.625250501 0.998891621735 0.0567288122967 -0.156846112079
12.6553106212 0.9937787923 0.0869800820714 -0.180645801614
12.6853707415 0.988041900883 0.116520980836 -0.201048707375
12.7154308617 0.981691695664 0.145708763127 -0.221451613137
12.745490982 0.974728176646 0.174543428945 -0.241854518899
12.7755511022 0.967151343827 0.203024978291 -0.26225742466
12.8056112224 0.958961197207 0.231153411163 -0.282660330422
12.8356713427 0.950157736787 0.258928727563 -0.303063236183
12.8657314629 0.940740962567 0.286350927489 -0.323466141945
12.8957915832 0.930710874546 0.313420010943 -0.343869047706
12.9258517034 0.920067472725 0.340135977924 -0.364271953468
12.9559118236 0.908810757103 0.366498828432 -0.38467485923
12.9859719439 0.896940727681 0.392508562467 -0.405077764991
13.0160320641 0.884457384459 0.418165180029 -0.425480670753
13.0460921844 0.871360727436 0.443468681118 -0.445883576514
13.0761523046 0.857650756612 0.468419065734 -0.466286482276
13.1062124248 0.843327471988 0.493016333877 -0.486689388037
13.1362725451 0.828390873564 0.517260485548 -0.507092293799
13.1663326653 0.812840961339 0.541151520745 -0.527495199561
13.1963927856 0.796677735314 0.56468943947 -0.547898105322
13.2264529058 0.779901195488 0.587874241722 -0.568301011084
13.2565130261 0.762511341862 0.6107059275 -0.588703916845
13.2865731463 0.744508174435 0.633184496806 -0.609106822607
13.3166332665 0.725891693208 0.655309949639 -0.629509728368
13.3466933868 0.70666189818 0.677082285999 -0.64991263413
13.376753507 0.686818789352 0.698501505886 -0.670315539892
13.4068136273 0.666362366724 0.7195676093 -0.690718445653
13.4368737475 0.645306565813 0.739697620207 -0.709359716126
13.4669338677 0.623726777773 0.758605913794 -0.72641551484
13.496993988 0.601634290372 0.77671043395 -0.743471313554
13.5270541082 0.579029103611 0.794011180674 -0.760527112268
13.5571142285 0.55591121749 0.810508153966 -0.777582910982
13.5871743487 0.532280632009 0.826201353826 -0.794638709696
13.6172344689 0.508137347168 0.841090780254 -0.811694508409
13.6472945892 0.483481362966 0.855176433251 -0.828750307123
13.6773547094 0.458312679405 0.868458312816 -0.845806105837
13.7074148297 0.432631296483 0.880936418949 -0.862861904551
13.7374749499 0.406437214201 0.89261075165 -0.879917703265
13.7675350701 0.379730432559 0.90348131092 -0.896973501979
13.7975951904 0.352510951557 0.913548096758 -0.914029300693
13.8276553106 0.324778771195 0.922811109164 -0.931085099406
13.8577154309 0.296533891473 0.931270348138 -0.94814089812
13.8877755511 0.26777631239 0.93892581368 -0.965196696834
13.9178356713 0.238506033948 0.945777505791 -0.982252495548
13.9478957916 0.208723056145 0.95182542447 -0.999308294262
13.9779559118 0.178427378982 0.957069569718 -1.01636409298
14.0080160321 0.147619002459 0.961509941533 -1.03341989169
14.0380761523 0.116297926576 0.965146539917 -1.0504756904
14.0681362725 0.0844641513324 0.967979364869 -1.06753148912
14.0981963928 0.052117676729 0.970008416389 -1.08458728783
14.128256513 0.0192585027655 0.971233694477 -1.10164308654
14.1583166333 -0.0141133705582 0.971655199134 -1.11869888526
14.1883767535 -0.0479979432421 0.971272930359 -1.13575468397
14.2184368737 -0.0823553566257 0.969868578875 -1.14273315046
14.248496994 -0.116386843157 0.967035889066 -1.12149508673
14.2785571142 -0.149779910938 0.96337836921 -1.100257023
14.3086172345 -0.18253455997 0.958896019306 -1.07901895927
14.3386773547 -0.214650790253 0.953588839354 -1.05778089554
14.3687374749 -0.246128601786 0.947456829353 -1.0365428318
14.3987975952 -0.27696799457 0.940499989305 -1.01530476807
14.4288577154 -0.307168968604 0.932718319209 -0.994066704341
14.4589178357 -0.336731523889 0.924111819065 -0.972828640609
14.4889779559 -0.365655660424 0.914680488873 -0.951590576877
14.5190380762 -0.39394137821 0.904424328633 -0.930352513145
14.5490981964 -0.421588677247 0.893343338345 -0.909114449413
14.5791583166 -0.448597557534 0.881437518009 -0.887876385681
14.6092184369 -0.474968019071 0.868706867625 -0.866638321949
14.6392785571 -0.500700061859 0.855151387193 -0.845400258218
14.6693386774 -0.525793685898 0.840771076713 -0.824162194486
14.6993987976 -0.550248891187 0.825565936185 -0.802924130754
14.7294589178 -0.574065677727 0.80953596561 -0.781686067022
14.7595190381 -0.597244045517 0.792681164986 -0.76044800329
14.7895791583 -0.619783994558 0.775001534314 -0.739209939558
14.8196392786 -0.641685524849 0.756497073594 -0.717971875826
14.8496993988 -0.662948636391 0.737167782827 -0.696733812095
14.879759519 -0.683573329184 0.717013662011 -0.675495748363
14.9098196393 -0.703559603227 0.696034711147 -0.654257684631
14.9398797595 -0.72290745852 0.674230930236 -0.633019620899
14.9699398798 -0.741616895064 0.651602319276 -0.611781557167
15.0 -0.759687912859 0.628148878268 -0.590543493435
