
1a:

Check that Q is orthogonal by calculating Q^T * Q: 

1.0		0.0		-0.0		-0.0		0.0
0.0		1.0		0.0		0.0		0.0
-0.0		0.0		1.0		-0.0		-0.0
-0.0		0.0		-0.0		1.0		-0.0
0.0		0.0		-0.0		-0.0		1.0

Check that R is upper triangular: 

2.465		0.497		-0.022		0.774		1.418
0.0		2.613		-0.623		-1.389		0.638
0.0		0.0		2.64		-1.099		-0.719
0.0		0.0		0.0		1.987		0.342
0.0		0.0		0.0		0.0		1.267

QR = 

0.399		-1.207		-0.505		1.419		-0.046
1.418		-0.081		-1.389		0.791		1.173
-1.312		-0.86		-0.957		0.444		-1.284
-0.147		1.716		-1.836		-0.282		0.997
1.267		0.714		0.71		0.072		-0.014

A = 

0.399		-1.207		-0.505		1.419		-0.046
1.418		-0.081		-1.389		0.791		1.173
-1.312		-0.86		-0.957		0.444		-1.284
-0.147		1.716		-1.836		-0.282		0.997
1.267		0.714		0.71		0.072		-0.014

2a:

Matrix A given by: 

0.566		0.604		0.245		0.749		0.641
0.185		0.529		0.475		0.474		0.624
0.673		0.047		0.47		0.579		0.059
0.639		0.055		0.698		0.322		0.778
0.897		0.974		0.58		0.81		0.924

Vector x given by:

-0.653	-1.589	-1.872	2.57	1.322

Matrix product Ax given by 

0.984	0.19	0.171	0.044	0.083

Vector b given by: 

0.984	0.19	0.171	0.044	0.083
